N_obs <- 1000
y <-
c(26.508470957756668, 24.640924677102046, 21.194224504657473, 21.53096734476691, 23.293119947135917, 25.49856429847016, 25.02092456874161, 13.303298330157741, 23.09166810218962, 25.859478376940476, 13.287212224304373, 23.237088630682532, 23.414085173258265, 24.732474296741398, 20.28674613000704, 28.558209549514007, 19.29214176356466, 25.703162384938302, 12.808395437714271, 31.356159358007083, 26.894607171402747, 30.102978600399513, 32.62665054403908, 11.648120884390906, 25.423181226635872, 15.086489439178818, 25.935215021421122, 21.330040363198712, 17.161800366309418, 21.37864485891552, 23.76631040740663, 26.05735858798718, 22.516850452857177, 22.27278639963678, 22.137178839083113, 23.02053646629463, 20.130896384928008, 16.420546374152487, 22.19589942420566, 28.20526962394843, 21.70897376353195, 14.905288022905813, 22.857208088084462, 14.783834099249592, 16.220211171850796, 28.79552633728074, 14.469586347344443, 10.217696169888017, 21.238521597102487, 20.54847240790885, 16.041802031789032, 32.008023896542454, 23.22242840373745, 23.39321162146748, 31.47019024396028, 26.688063173346357, 31.207835200935563, 15.31592404125589, 20.397895811202787, 21.94218656154436, 28.291977761668814, 20.985022813306106, 25.440110114662094, 28.678063738372785, 28.185133266406503, 25.98971736095797, 29.450389819468906, 28.719493329946122, 18.216373124634156, 26.34582976207001, 27.61457630127736, 22.209557753060835, 27.453842946565466, 27.469679158216543, 21.04738040728093, 16.675888065118063, 22.132556288769297, 23.974061897101205, 14.525719186145027, 25.644922694107127, 22.69074917304682, 8.803418504754326, 22.36959813619715, 15.245908754763212, 29.491813513428124, 23.692708175268454, 31.94145749788272, 29.13437951723364, 32.030137715047374, 26.198974906295042, 16.809704899427857, 19.273040115865992, 9.194478416391972, 25.536697744905478, 25.88497383505396, 22.681188851725043, 25.313872189547997, 26.32420138460205, 20.529429371771872, 21.673592775362778, 28.256303957198316, 13.447276039922011, 12.430691406903545, 22.301944038272588, 13.321185683805222, 27.91503241987456, 15.741545400879376, 19.953698197559, 12.094552019985892, 23.344556384247085, 30.33945712576251, 25.741728568726447, 23.38042406710666, 25.060271211083343, 25.616683473961128, 13.174813298119968, 21.046689643834142, 26.20123873024959, 15.400115458037352, 22.04828551940057, 28.263039262808537, 28.933758182473937, 21.571378790838452, 24.04583826531811, 22.305129905536095, 24.6706539536597, 16.240262091487363, 23.133660862552595, 35.65846229234529, 23.629210657175587, 27.940211020087077, 27.817452919735157, 15.66121377346314, 24.484133257578748, 23.070411915208645, 29.397196684324328, 11.494992728865974, 27.02416436918472, 23.68834775052674, 12.758841282184031, 23.011534715343583, 24.74112139412053, 12.249635575901687, 24.022914193642162, 15.507591126824432, 28.412315304206064, 24.47156571239398, 21.844166542167464, 14.546797387347812, 25.313375051163575, 28.182900291278074, 15.021895401551484, 15.46301408628429, 28.66531199612971, 22.94189726084572, 15.082325282247341, 11.217465158351132, 11.07346554668664, 26.412515265000362, 22.43243559181699, 20.85198277618607, 25.356431209417796, 19.427723082241386, 31.92000326754327, 19.628413721785314, 13.789006516437635, 13.723704507249854, 15.698360858466033, 23.81249049437837, 29.201382657241364, 19.360965479115073, 22.17670060158535, 24.452088416178814, 21.41463239629992, 24.60389616086289, 26.88597680187629, 21.798968037359742, 19.59529096670457, 24.704939687667597, 22.88295242923321, 25.814516245094712, 24.446981131279756, 23.907118544016715, 9.641009039486706, 29.936170859667225, 16.041267677317514, 17.212049914038957, 17.644281415028587, 12.723668183581083, 24.46904444448619, 27.397588341820857, 19.91572536510557, 20.458455581298452, 18.795701222414937, 25.87099398651148, 28.81765447232971, 21.653115203646678, 18.99139363710731, 28.937555164923655, 19.459267697918733, 26.573156687309915, 15.233473701909956, 24.774047322310576, 20.871699864936307, 24.63438849400691, 27.659558229170592, 13.783628156436299, 18.232113509680243, 30.303006164606586, 24.718257904260795, 23.386257168967994, 25.390970250544907, 20.691054349797362, 22.32489320981081, 11.032284318986306, 28.925150322675748, 24.145247608009928, 28.380017220189398, 24.411499699567834, 14.02851353131868, 15.458272331294202, 26.926176579312475, 13.893038845316315, 26.131783540672185, 15.288098057198463, 18.081396261541045, 24.474400834849213, 21.484222268537856, 19.82345228481454, 12.688141620055113, 27.041460954727278, 23.550293440033883, 19.280493802779688, 31.526374817101953, 15.589195706249388, 22.076098897276225, 22.098532441639488, 25.695577574977197, 30.000688904628838, 25.30383688144006, 23.817428382573873, 20.972131125855036, 21.646527694476553, 24.56552143059085, 19.595791510270676, 13.16573543394949, 27.980085907534086, 13.770560260621162, 24.414958182109114, 25.124408715201966, 16.724289401566793, 20.507953613881764, 15.544871006420713, 22.98814714105559, 27.974542063791876, 25.15285588157495, 14.934214648646678, 22.82220322349255, 27.390773710491242, 23.510962970556637, 28.423247940384247, 11.930807856003238, 15.358170506938482, 29.56569061032087, 22.735002132783805, 22.32470952037323, 24.702973872695257, 24.647805448422304, 15.694993748087692, 28.010269274111856, 26.488631508075414, 11.810868623109105, 30.066486055684248, 12.828351239563546, 12.852374965522978, 20.463700526766537, 24.986074575406683, 22.008378411487364, 24.322260097006886, 26.4145574504784, 25.031625909102836, 27.343129378481255, 19.606612482483687, 26.314570242584015, 14.054838186331242, 25.54773550429157, 12.214538132630212, 22.232030269642184, 15.860954122656159, 15.471986584509972, 25.898159210679037, 25.28460376254759, 24.381349164129485, 30.340184915168066, 27.68373636934878, 28.296558895885312, 18.672568709496154, 24.942577892914038, 23.883618329540298, 26.723612314149154, 26.572372555833496, 27.859570967064403, 27.2899584995681, 22.91311518060082, 27.553615623883246, 27.48089944847119, 23.26733843474741, 20.249400265221958, 15.308849880836886, 23.622462949597306, 27.579762981209797, 13.934134082795628, 21.51417893452263, 25.445406412698787, 9.135606573134151, 25.879829618682244, 21.84068585981744, 20.139385168471968, 27.722950871093477, 17.41767327633928, 23.27184629931874, 23.472276366771446, 14.189170293671399, 21.97958723494095, 19.758232461492277, 27.862030730558576, 28.944637809532185, 20.58674404471421, 24.6118392825757, 25.47321582353563, 28.410352043262776, 8.840062009230188, 20.878067531918504, 18.196919190787284, 24.541625695464997, 28.33544163651912, 20.044586361169205, 22.750989422167745, 10.990108879668892, 21.969915176333426, 28.283596669699634, 28.836262621415596, 16.427622090213916, 24.14415828350111, 12.204026900300395, 21.068460158175828, 17.04965879072253, 27.974706228044596, 25.091840902686858, 15.31425889584581, 24.56570415268437, 29.094868248436367, 13.580233594177708, 27.67994037116738, 17.09009280419956, 25.55768727651132, 12.992712124436094, 29.98196796697268, 24.973509320750598, 27.127788381330962, 12.260705969011607, 13.24583873564727, 29.010113702658337, 21.052716790032683, 22.29761123840699, 24.587721992448547, 13.192886965804178, 20.82020649363556, 18.015398800741764, 10.200602856154575, 25.878972675014705, 21.220680941894948, 15.500756326847059, 24.561758212443948, 25.680649682515874, 19.63470269611318, 24.554688620179846, 13.511986752259475, 24.3666562358771, 27.96569172127214, 24.096338633532007, 24.48258595167905, 20.715101269957604, 20.33866809698713, 18.695144741136627, 30.938927172587334, 20.6959765248194, 24.71639362231435, 17.660718041609513, 25.542888026810374, 22.656996846953355, 27.10441380444577, 26.395129298847305, 27.911452004762808, 23.420119942601726, 27.50035659063107, 20.765201844315474, 23.39852900878991, 25.491253245676994, 15.55177074545128, 22.728859778103367, 29.106901765587814, 29.477423835251876, 27.5201634223306, 25.076722818067225, 