N_obs <- 1000
y <-
c(31.508470957756668, 29.640924677102046, 26.194224504657473, 26.53096734476691, 28.293119947135917, 30.49856429847016, 30.02092456874161, 8.303298330157741, 28.09166810218962, 30.859478376940476, 8.287212224304373, 28.237088630682532, 28.414085173258265, 29.732474296741398, 25.28674613000704, 33.558209549514004, 24.29214176356466, 30.703162384938302, 7.808395437714271, 36.35615935800708, 31.894607171402747, 35.10297860039951, 37.62665054403908, 6.648120884390906, 30.423181226635872, 10.086489439178818, 30.935215021421122, 26.330040363198712, 12.161800366309418, 26.37864485891552, 28.76631040740663, 31.05735858798718, 27.516850452857177, 27.27278639963678, 27.137178839083113, 28.02053646629463, 25.130896384928008, 21.420546374152487, 27.19589942420566, 33.205269623948425, 26.70897376353195, 9.905288022905813, 27.857208088084462, 9.783834099249592, 11.220211171850794, 33.79552633728074, 9.469586347344443, 5.217696169888017, 16.238521597102487, 15.54847240790885, 11.04180203178903, 37.008023896542454, 28.22242840373745, 28.39321162146748, 36.470190243960275, 31.688063173346357, 36.20783520093556, 10.31592404125589, 25.397895811202787, 26.94218656154436, 33.29197776166881, 25.985022813306106, 30.440110114662094, 33.678063738372785, 33.1851332664065, 30.98971736095797, 34.45038981946891, 33.719493329946125, 13.216373124634156, 31.34582976207001, 32.61457630127736, 27.209557753060835, 32.453842946565466, 32.46967915821654, 26.04738040728093, 11.675888065118063, 27.132556288769297, 28.974061897101205, 9.525719186145027, 30.644922694107127, 27.69074917304682, 3.803418504754326, 27.36959813619715, 10.245908754763212, 34.49181351342813, 28.692708175268454, 36.94145749788272, 34.13437951723364, 37.030137715047374, 31.198974906295042, 11.809704899427857, 24.273040115865992, 4.194478416391972, 30.536697744905478, 30.88497383505396, 27.681188851725043, 30.313872189547997, 31.32420138460205, 25.529429371771872, 26.673592775362778, 33.25630395719832, 8.447276039922011, 7.430691406903546, 27.301944038272588, 8.321185683805222, 32.915032419874564, 10.741545400879376, 14.953698197558998, 7.094552019985892, 28.344556384247085, 35.339457125762515, 30.741728568726447, 28.38042406710666, 30.060271211083343, 30.616683473961128, 8.174813298119968, 26.046689643834142, 31.20123873024959, 10.400115458037352, 27.04828551940057, 33.26303926280853, 33.93375818247394, 26.571378790838452, 29.04583826531811, 27.305129905536095, 29.6706539536597, 21.240262091487363, 28.133660862552595, 40.65846229234529, 28.629210657175587, 32.94021102008708, 32.81745291973516, 10.66121377346314, 29.484133257578748, 28.070411915208645, 34.39719668432433, 6.494992728865973, 32.02416436918472, 28.68834775052674, 7.758841282184031, 28.011534715343583, 29.74112139412053, 7.249635575901687, 29.022914193642162, 10.507591126824432, 33.41231530420607, 29.47156571239398, 26.844166542167464, 9.546797387347812, 30.313375051163575, 33.182900291278074, 10.021895401551484, 10.46301408628429, 33.66531199612971, 27.94189726084572, 10.082325282247341, 6.217465158351132, 6.07346554668664, 31.412515265000362, 27.43243559181699, 25.85198277618607, 30.356431209417796, 24.427723082241386, 36.920003267543265, 14.628413721785316, 8.789006516437635, 8.723704507249854, 10.698360858466033, 28.81249049437837, 34.20138265724136, 14.360965479115075, 27.17670060158535, 29.452088416178814, 26.41463239629992, 29.60389616086289, 31.88597680187629, 26.798968037359742, 24.59529096670457, 29.704939687667597, 27.88295242923321, 30.814516245094712, 29.446981131279756, 28.907118544016715, 4.641009039486706, 34.93617085966723, 11.041267677317515, 12.212049914038959, 12.644281415028589, 7.723668183581082, 29.46904444448619, 32.39758834182086, 24.91572536510557, 25.458455581298452, 13.795701222414937, 30.87099398651148, 33.817654472329714, 26.653115203646678, 13.991393637107311, 33.93755516492366, 24.459267697918733, 31.573156687309915, 10.233473701909956, 29.774047322310576, 15.871699864936307, 29.63438849400691, 32.65955822917059, 8.783628156436299, 23.232113509680243, 35.303006164606586, 29.718257904260795, 28.386257168967994, 30.390970250544907, 25.691054349797362, 27.32489320981081, 6.032284318986307, 33.92515032267575, 29.145247608009928, 33.3800172201894, 29.411499699567834, 9.02851353131868, 10.458272331294202, 31.926176579312475, 8.893038845316315, 31.131783540672185, 10.288098057198463, 23.081396261541045, 29.474400834849213, 26.484222268537856, 14.82345228481454, 7.688141620055112, 32.04146095472728, 28.550293440033883, 14.280493802779688, 36.52637481710195, 10.589195706249388, 27.076098897276225, 27.098532441639488, 30.695577574977197, 35.00068890462884, 30.30383688144006, 28.817428382573873, 25.972131125855036, 26.646527694476553, 19.56552143059085, 14.595791510270676, 8.16573543394949, 32.98008590753409, 8.770560260621162, 29.414958182109114, 30.124408715201966, 11.724289401566793, 25.507953613881764, 10.544871006420713, 27.98814714105559, 32.97454206379188, 30.15285588157495, 9.934214648646678, 27.82220322349255, 32.39077371049124, 28.510962970556637, 33.42324794038424, 6.930807856003238, 10.358170506938482, 34.56569061032087, 27.735002132783805, 27.32470952037323, 29.702973872695257, 29.647805448422304, 10.694993748087692, 33.010269274111856, 31.488631508075414, 6.810868623109105, 35.06648605568425, 7.828351239563545, 7.852374965522978, 25.463700526766537, 29.986074575406683, 27.008378411487364, 29.322260097006886, 31.4145574504784, 30.031625909102836, 32.34312937848125, 24.606612482483687, 31.314570242584015, 9.054838186331242, 30.54773550429157, 7.214538132630212, 27.232030269642184, 10.860954122656159, 10.471986584509972, 30.898159210679037, 30.28460376254759, 29.381349164129485, 35.34018491516807, 32.68373636934878, 33.29655889588531, 23.672568709496154, 29.942577892914038, 28.883618329540298, 31.723612314149154, 31.572372555833496, 32.8595709670644, 32.2899584995681, 27.91311518060082, 32.553615623883246, 32.48089944847119, 28.26733843474741, 25.249400265221958, 10.308849880836886, 28.622462949597306, 32.5797629812098, 8.934134082795628, 26.51417893452263, 30.445406412698787, 4.135606573134152, 30.879829618682244, 26.84068585981744, 25.139385168471968, 32.72295087109348, 12.417673276339277, 28.27184629931874, 28.472276366771446, 9.189170293671399, 26.97958723494095, 24.758232461492277, 32.86203073055858, 33.94463780953218, 25.58674404471421, 29.6118392825757, 30.47321582353563, 33.410352043262776, 3.840062009230187, 25.878067531918504, 23.196919190787284, 29.541625695464997, 33.33544163651912, 15.044586361169205, 27.750989422167745, 5.990108879668893, 16.969915176333426, 33.283596669699634, 33.8362626214156, 11.427622090213918, 29.14415828350111, 7.204026900300395, 26.068460158175828, 12.049658790722528, 32.974706228044596, 30.091840902686858, 10.31425889584581, 29.56570415268437, 34.09486824843637, 8.580233594177708, 32.67994037116738, 12.090092804199559, 30.55768727651132, 7.992712124436094, 34.98196796697268, 29.973509320750598, 32.127788381330966, 7.260705969011607, 8.24583873564727, 34.01011370265834, 26.052716790032683, 27.29761123840699, 29.587721992448547, 8.192886965804178, 25.82020649363556, 23.015398800741764, 5.200602856154575, 30.878972675014705, 26.220680941894948, 10.500756326847059, 29.561758212443948, 30.680649682515874, 24.63470269611318, 29.554688620179846, 8.511986752259475, 29.3666562358771, 32.96569172127214, 29.096338633532007, 29.48258595167905, 25.715101269957604, 25.33866809698713, 23.695144741136627, 35.938927172587334, 25.6959765248194, 29.71639362231435, 12.660718041609513, 30.542888026810374, 27.656996846953355, 32.10441380444577, 31.395129298847305, 32.91145200476281, 28.420119942601726, 32.50035659063107, 25.765201844315474, 28.39852900878991, 30.491253245676994, 10.55177074545128, 27.728859778103367, 34.106901765587814, 34.47742383525188, 32.5201634223306, 30.076722818067225, 31.352922194269105, 13.166092708776317, 31.02114250217894, 32.71877103295604, 