N_obs <- 1000
y <-
c(21.467703833488024, 12.650379463942672, 23.5182719613199, 14.743893785738296, 19.42335702681474, 27.94123653654625, 20.630463575336858, 22.67817432158405, 24.166038951347947, 13.186647639573778, 26.655751313894626, 15.807471873191034, 24.369168702857326, 23.04835891806554, 23.656953389200893, 22.82737430579239, 13.020034024905124, 24.718503214284723, 25.236283312085607, 17.987820168639473, 14.270402102073707, 21.595562040397432, 12.828186876416943, 18.456634045380376, 14.540724204976229, 26.25412200561731, 14.096859397982504, 14.629535075973761, 23.18266179095396, 11.79428410810083, 26.783471890571555, 16.824266894944177, 29.473074540825323, 27.118034061961964, 29.978971105760806, 14.688182144796295, 23.443041531254856, 12.543002339748579, 29.56995384911483, 15.841879779378, 16.78964587088758, 20.18297893697408, 26.71294446453085, 24.302912722148744, 27.83105236827776, 22.54280549818897, 28.169258742145594, 28.108576919510988, 23.821206875439117, 19.575224987058544, 24.436535912772573, 22.953516297836124, 17.166397238324638, 23.664102451740003, 20.504541124098598, 12.599337484365138, 24.8962333509772, 28.15817350992081, 27.446857600022295, 21.879975098372082, 28.82384390153633, 24.488489584768725, 27.275663036529583, 21.206062646655113, 19.112875526098403, 20.285344783710244, 25.906739094401075, 24.776835182599452, 29.5067847931233, 30.336344642711886, 27.864349759346975, 14.374131079840144, 28.794407920620753, 23.957879481585472, 23.27576061885123, 28.99562620353073, 26.503631575946123, 21.56164887333747, 27.263821573583865, 24.188300132312605, 14.755143456442273, 25.989202856762244, 13.634435432950553, 14.997864534371107, 15.406564754839783, 23.19138410400785, 21.51948351270815, 16.304681534560324, 23.01991849876057, 20.74958493365206, 25.18356639041351, 24.012661277524458, 11.041991691027485, 22.993651398872412, 29.348624605562467, 22.437200557925564, 25.753460598928093, 19.60629635654549, 27.753409660084174, 23.086208339216846, 17.201589565181997, 29.028309419559097, 21.852950778002047, 16.952507094719476, 24.2002598196887, 13.110996456674814, 16.27907378709941, 13.010563357246943, 26.54665848099526, 24.263195798758375, 27.004034608198964, 22.37720150934743, 13.903074415806051, 10.92072339604293, 26.962805772099877, 12.34921581818828, 26.46579680728746, 24.816548608834037, 13.663045417244406, 15.218938747431908, 29.45441143780274, 28.410230329308533, 25.93257338816627, 23.31115493572166, 13.08946595557849, 25.901144582276828, 24.72119245364105, 17.092830762611865, 19.635519646553167, 28.414398543036356, 25.10678055810628, 23.131648614652313, 21.511272097580267, 16.183938251737665, 24.86372328948551, 16.622575854909275, 24.65321191745704, 17.793462716721606, 24.69323228369531, 21.085969515840382, 23.977204772173728, 28.97861738088818, 16.32359959091194, 22.916117145816344, 13.082025244811938, 22.6023430357111, 26.776895925789233, 23.0841805714213, 23.29099046963901, 24.780677335656527, 16.59970746162691, 24.020492526666814, 30.005099148516425, 16.300608418180694, 23.375172959026816, 26.757666300104585, 27.91217250328654, 31.732035510543295, 26.56066743198027, 24.63977151564458, 21.60487907169361, 10.81638536529372, 23.767814493524273, 31.245700774275598, 26.81788870771191, 19.454464610075934, 15.332043546799643, 25.69982221387207, 23.318074666933164, 21.982179657667565, 21.00730487727657, 26.29137257668974, 23.931393207564767, 19.3699613211649, 26.814096231189865, 26.717590705509327, 18.18076438725534, 15.53473861347685, 30.887597238941673, 21.943096450519633, 25.933033519116254, 21.152358600500182, 13.215260162563265, 24.131176607589424, 23.711796019499157, 28.783443892470963, 18.73134245901874, 27.591448534992157, 18.546234188659522, 26.24996318377442, 13.672351647184016, 13.151883227745946, 25.7721472263322, 10.333923821241093, 24.34879922921256, 21.44198594802176, 25.81273356160681, 24.841939622304814, 24.4094159658748, 19.929263608304122, 25.121339084510392, 28.345982745693238, 26.30819410221465, 22.88736532516719, 15.040478135621099, 28.23047274793185, 21.68442988212336, 27.054388089344368, 22.020710730544703, 26.133150618816728, 19.26082141880938, 13.155816402450956, 28.279357601249515, 12.197262484594999, 24.24534032989475, 17.624027892857022, 16.449120731439983, 19.071285510176534, 26.57681984267885, 13.245029613340364, 26.723910992459558, 26.020364564131995, 26.339305709979445, 25.7638349804729, 22.2432506285429, 16.369063045775313, 22.82106707091205, 28.85137348900429, 17.803113323801043, 13.83801247002707, 22.51299364296338, 26.29751517740835, 27.163905049634455, 21.08139482011976, 26.335625375062353, 14.923731756070929, 14.491033797727694, 13.42777507422701, 24.24153732182736, 19.27934079993598, 12.314589393402878, 13.271898409732946, 24.997672518869315, 27.210060636001945, 28.76286678256835, 16.34230894783976, 28.639667069470807, 22.13052926499351, 13.50312690041454, 12.057249716194551, 14.945260148906135, 27.71894624670438, 11.491729685966565, 10.206559001718706, 19.62884900452886, 27.55257415188872, 23.691687248774084, 26.110472796960604, 32.73918397947525, 23.76164447988343, 15.299449811945156, 23.908115562220317, 14.772529985004564, 29.061976797695223, 26.592788878216133, 25.45314866081715, 22.502788205357206, 28.791143984763796, 16.072728186414036, 20.10172200525584, 12.546866650251129, 19.278080387676752, 28.36448227407014, 14.182069057304018, 27.055201257768267, 9.571191581546042, 23.069361731220987, 22.71407814466406, 27.564994785284213, 23.840852616364646, 26.25860963791888, 22.71230563381856, 16.145340935389637, 26.520662720041575, 25.302733002818073, 25.73760349028073, 26.929464102148508, 17.689346443420263, 29.651110596875, 17.60931037238992, 17.38437382437501, 21.312780044903104, 17.053578545554945, 13.437629318722196, 12.08196241149993, 26.868103155211593, 14.517316741721274, 30.593350304426252, 11.527346329731795, 25.1509838594327, 18.277192945952255, 14.78222050957659, 16.318872159015278, 16.4445369386891, 23.945855272556507, 30.432439910140108, 12.192108763544436, 23.55520935995605, 20.526957656160953, 21.564340677368957, 13.01496147702274, 15.995497082017437, 25.217892758538117, 13.754728324279787, 20.837727386438168, 26.693449301823414, 29.07985271246897, 21.18398104403734, 11.503171459020797, 25.103932371809755, 18.921291317781296, 24.713890281287867, 26.631467859666518, 9.702245162695645, 32.1828566020723, 23.894587010567747, 24.304133953734155, 17.881043039691768, 24.295623758099573, 24.120124140962822, 9.129184891098806, 21.259242342453224, 20.294453488102977, 23.247596043920893, 26.327805533998532, 12.152167848487771, 24.7332879145129, 19.992759422380068, 25.581578578685043, 25.056935389771315, 24.93997117676155, 21.55395917104257, 27.70792981533654, 27.699617412818252, 22.683460859570403, 21.32880442606759, 27.30617222981737, 21.434962331187133, 24.938751643442973, 27.038464188661116, 11.916844938969588, 24.079009425322397, 20.414952187999297, 26.234340309795474, 16.666135563554445, 24.97146399536832, 12.184193549107569, 25.371052208767082, 26.06453013635335, 21.727693938077408, 25.73013359622579, 27.922437976451967, 23.906904153163747, 24.5568123112883, 27.760744481122327, 24.044297002305044, 32.469499678457936, 22.751606305498807, 25.706657519908905, 14.798886987580314, 18.695199624355816, 22.92177389167913, 26.354881841920157, 21.114268216354592, 12.638634957418057, 24.527840309186583, 27.682808226063244, 28.77210059022415, 20.375794636793145, 22.27769272027717, 15.118960679383045, 25.13248122083221, 14.480366546367573, 10.475629837435115, 18.004306252827366, 15.588636045954082, 22.364935673746185, 14.269433066329974, 28.702832907817005, 24.71933144519558, 18.160620949678673, 30.50431624701058, 20.987951208433905, 21.37879464746777, 8.221413817932838, 18.34027089959237, 29.87954178594873, 25.470082744700804, 21.879579364944203, 22.00218921036401, 23.740647451901012, 27.508670297963874, 25.833273624410754, 22.67420419387038, 22.361253063679705, 22.134734612137386, 25.875295590027957, 